iso,abk,afr,alb,amh,arb,asm,ast,azj,bak,bas,bel,ben,bre,bul,cat,ces,chv,ckb,cmn,cnh,cym,dan,deu,div,dyu,ell,eng,est,eus,fin,fra,fry,gle,glg,hau,heb,hin,hsb,hun,hye,ind,ita,jpn,kab,kat,kaz,khk,kin,kir,kmr,kor,lao,lav,lit,lug,mal,mar,mdf,mhr,min,mkd,mlt,mrj,myv,nep,nld,nor,oci,ori,oss,pan,pes,pol,por,pst,roh,ron,rus,sah,sat,skr,slk,slv,spa,srp,swe,swh,tam,tat,tel,tha,tig,tuk,tur,uig,ukr,urd,uzn,vie,yor,yue,zgh
abk,0.0,0.8728715342783275,0.8933761255237586,0.8720691807078541,0.9144156191495051,0.8751002941963091,0.904609075510386,0.9031826691628778,0.8911473656057769,0.8758134973700632,0.8765267005438173,0.8947133814745476,0.8981010965498796,0.8882054025140411,0.8755460461799054,0.8917714183828118,0.8808059195863421,0.8790229116519568,0.8634215922260854,0.8767050013372559,0.9034501203530356,0.8815191227600963,0.8887403048943567,0.8489792279575644,0.9018454132120888,0.9123651600249622,0.8693055184095569,0.8794686636355532,0.8944459302843898,0.8927520727467237,0.9049656770972632,0.8887403048943567,0.9010430596416154,0.893821877507355,0.8971204421859676,0.8963180886154943,0.8890969064812339,0.8979227957564411,0.8976553445662833,0.9061246322546135,0.8869572969599714,0.8936435767139164,0.9035392707497548,0.8697512703931533,0.8829455291076046,0.9022020147989659,0.9045199251136666,0.8718017295176964,0.8970312917892485,0.9071052866185254,0.9117411072479272,0.8789337612552376,0.9140590175626282,0.8957831862351787,0.8821431755371312,0.9034501203530356,0.9024694659891237,0.8816082731568156,0.8834804314879201,0.9095123473299456,0.8780422572880449,0.9055897298742979,0.8983685477400374,0.8876705001337255,0.9160203262904519,0.8912365160024962,0.8775073549077294,0.8727823838816083,0.8932869751270394,0.8945350806811091,0.8893643576713917,0.8775073549077294,0.8984576981367567,0.9265400731033253,0.8685923152358028,0.8751002941963091,0.8748328430061513,0.8767941517339751,0.896585539805652,0.9083533921725951,0.8904341624320228,0.8861549433894981,0.878398858874922,0.9031826691628778,0.8720691807078541,0.8920388695729696,0.8957831862351787,0.8936435767139164,0.8873138985468485,0.8851742890255863,0.8709102255505037,0.8869572969599714,0.9060354818578942,0.8848176874387091,0.8931086743336009,0.8802710172060265,0.9102255505036997,0.9001515556744227,0.894178479094232,0.8948025318712669,0.8848176874387091,0.8803601676027458
afr,0.8728715342783275,0.0,0.8836587322813587,0.8931978247303201,0.8725149326914505,0.7798876705001337,0.7931710796113043,0.897209592582687,0.8674333600784523,0.8688597664259605,0.8230364625122581,0.8090398502273335,0.8397075866987608,0.8068110903093518,0.805206383168405,0.826691628777748,0.8743870910225551,0.8387269323348489,0.9218151020772043,0.8954265846483016,0.8314165998038692,0.6381385397165017,0.5304448604796291,0.7949540875456896,0.8678791120620486,0.8533475973968084,0.5268788446108585,0.8822323259338504,0.898546848533476,0.8685031648390835,0.8103771061781225,0.5134171347062495,0.859944726754034,0.7767674066149594,0.8634215922260854,0.8868681465632522,0.8245520192564856,0.832040652580904,0.8649371489703128,0.8675225104751716,0.907996790585718,0.799144156191495,0.9083533921725951,0.8698404207898724,0.9020237140055274,0.87741820451101,0.8847285370419897,0.8792012124453954,0.8949808326647053,0.8322189533743425,0.9038958723366319,0.8967638405990906,0.8598555763573148,0.8396184363020416,0.9128109120085585,0.8565570116787019,0.8398858874921993,0.9035392707497548,0.8513862886689846,0.9153962735134172,0.8007488633324418,0.9024694659891237,0.8486226263706873,0.9243113131853438,0.8356066684496746,0.4307747169474904,0.5957921012748506,0.8419363466167424,0.8210751537844343,0.8422037978069002,0.8282963359186948,0.834447713292324,0.8257109744138361,0.8576268164393331,0.8433627529642507,0.7815815280377998,0.8011946153160382,0.8446108585183203,0.8826780779174468,0.8805384683961843,0.8517428902558617,0.8312382990104306,0.8186680930730141,0.799144156191495,0.8195595970402069,0.5865204600160471,0.9009539092448962,0.8456806632789515,0.8651154497637515,0.9113845056610502,0.8756351965766247,0.90897744494963,0.9120977088348043,0.9105821520905768,0.8779531068913257,0.841133993046269,0.813229918873139,0.8766158509405366,0.8973878933761255,0.8903450120353036,0.8973878933761255,0.8990817509137915
alb,0.8933761255237586,0.8836587322813587,0.0,0.8975661941695641,0.8706427743603459,0.8693946688062761,0.8251760720335205,0.9105821520905768,0.8662744049211019,0.9035392707497548,0.8534367477935277,0.8586074708032451,0.8536150485869662,0.8570027636622982,0.8175982883123829,0.8713559775341,0.872693233484889,0.8865115449763751,0.900240706071142,0.8701970223767496,0.8811625211732192,0.8422037978069002,0.8529909958099314,0.8809842203797806,0.875724346973344,0.8714451279308193,0.862262637068735,0.8725149326914505,0.8773290541142907,0.9093340465365071,0.815280377997682,0.869662119996434,0.8733172862619238,0.8313274494071499,0.8990817509137915,0.8546848533475975,0.8258892752072746,0.8662744049211019,0.8762592493536596,0.8576268164393331,0.8936435767139164,0.8049389319782474,0.9013996612284925,0.8828563787108853,0.8918605687795311,0.8994383525006686,0.8959614870286172,0.8912365160024962,0.9147722207363823,0.8651154497637515,0.8764375501470981,0.8978336453597218,0.8541499509672819,0.8457698136756708,0.9107604528840153,0.9058571810644557,0.8762592493536596,0.9016671124186503,0.8915931175893733,0.8814299723633771,0.8707319247570652,0.8715342783275386,0.8799144156191495,0.9144156191495051,0.8847285370419897,0.8697512703931533,0.8413122938397076,0.8378354283676562,0.8249086208433628,0.8682357136489257,0.8692163680128376,0.8652937505571899,0.8783097084782027,0.806187037532317,0.8716234287242578,0.8221449585450655,0.8060087367388784,0.8823214763305697,0.8925737719532852,0.8643130961932781,0.8611928323081037,0.8575376660426138,0.872693233484889,0.8465721672461441,0.8773290541142907,0.869662119996434,0.896585539805652,0.8964963894089328,0.8869572969599714,0.8877596505304448,0.8824997771240082,0.8677899616653294,0.8940001783007935,0.8852634394223053,0.889186056877953,0.8735847374520816,0.859588125167157,0.8995275028973879,0.8990817509137915,0.896585539805652,0.8989926005170723,0.878755460461799
amh,0.8720691807078541,0.8931978247303201,0.8975661941695641,0.0,0.7959347419096015,0.8751002941963091,0.8986359989301952,0.901221360435054,0.84585896407239,0.8815191227600963,0.8884728537041989,0.8834804314879201,0.8764375501470981,0.8718017295176964,0.8734955870553625,0.8909690648123384,0.9090665953463493,0.9075510386021217,0.8782205580814835,0.8982793973433182,0.8918605687795311,0.8753677453864669,0.8616385842917001,0.8790229116519568,0.8701970223767496,0.9013105108317732,0.858250869216368,0.8718908799144156,0.8850851386288668,0.8859766425960595,0.8620843362752965,0.8818757243469734,0.900597307658019,0.9009539092448962,0.8890077560845145,0.8048497815815281,0.8717125791209771,0.8834804314879201,0.9007756084514577,0.8803601676027458,0.8864223945796559,0.8912365160024962,0.8531692966033699,0.873673887848801,0.8732281358652046,0.8791120620486761,0.885798341802621,0.8923954711598466,0.8947133814745476,0.8864223945796559,0.854863154141036,0.8939110279040742,0.8860657929927788,0.8953374342515825,0.8751002941963091,0.8846393866452706,0.882410626727289,0.8818757243469734,0.8906124632254614,0.8950699830614247,0.8752785949897478,0.8023535704733886,0.8616385842917001,0.8935544263171972,0.8762592493536596,0.8907907640188999,0.868324864045645,0.8820540251404119,0.870999375947223,0.8923954711598466,0.8743870910225551,0.9178924846215565,0.8839261834715165,0.8917714183828118,0.916376927877329,0.9096014977266649,0.904609075510386,0.8766158509405366,0.8848176874387091,0.8546848533475975,0.8816974235535349,0.8852634394223053,0.8580725684229294,0.9108496032807346,0.8607470803245074,0.8697512703931533,0.8860657929927788,0.9104038512971383,0.8650262993670321,0.878398858874922,0.8927520727467237,0.7034857805117233,0.900240706071142,0.8942676294909513,0.8858874921993403,0.8845502362485513,0.8881162521173219,0.893821877507355,0.8740304894356781,0.8850851386288668,0.9047873763038244,0.8585183204065258
arb,0.9144156191495051,0.8725149326914505,0.8706427743603459,0.7959347419096015,0.0,0.8730498350717661,0.8594098243737185,0.8890969064812339,0.9060354818578942,0.8974770437728448,0.8821431755371312,0.8643130961932781,0.8823214763305697,0.8866006953730944,0.8539716501738434,0.882767228314166,0.9123651600249622,0.8816082731568156,0.8578051172327716,0.8764375501470981,0.8697512703931533,0.8816974235535349,0.8624409378621735,0.8829455291076046,0.9053222786841401,0.879736114825711,0.8469287688330213,0.8817865739502541,0.9018454132120888,0.8813408219666578,0.87741820451101,0.8843719354551128,0.9068378354283676,0.8527235446197736,0.8643130961932781,0.7424445038780423,0.8698404207898724,0.8714451279308193,0.8996166532941071,0.866006953730944,0.8944459302843898,0.8435410537576893,0.8892752072746724,0.8433627529642507,0.9003298564678612,0.8974770437728448,0.9128109120085585,0.9127217616118392,0.898546848533476,0.8795578140322724,0.8690380672193991,0.8762592493536596,0.8994383525006686,0.8980119461531604,0.8911473656057769,0.8640456450031203,0.8849068378354285,0.8766158509405366,0.8964072390122135,0.8809842203797806,0.8809842203797806,0.6574841758045823,0.8863332441829366,0.8978336453597218,0.8693055184095569,0.8652937505571899,0.8741196398323973,0.878755460461799,0.8586074708032451,0.8778639564946064,0.8742979406258357,0.9043416243202282,0.8915931175893733,0.8419363466167424,0.8807167691896229,0.8668093073014175,0.8583400196130873,0.8866898457698136,0.896228938218775,0.8848176874387091,0.821966657751627,0.8864223945796559,0.8877596505304448,0.8624409378621735,0.8752785949897478,0.857270214852456,0.897209592582687,0.8744762414192744,0.8922171703664081,0.8862440937862173,0.8718908799144156,0.666131764286351,0.8893643576713917,0.9069269858250869,0.8821431755371312,0.8590532227868414,0.850851386288669,0.8956048854417401,0.8642239457965588,0.8811625211732192,0.8970312917892485,0.8164393331550325
asm,0.8751002941963091,0.7798876705001337,0.8693946688062761,0.8751002941963091,0.8730498350717661,0.0,0.8338236605152893,0.8957831862351787,0.8792012124453954,0.905233128287421,0.8204511010073995,0.4500312026388517,0.8629758402424891,0.8457698136756708,0.8309708478202728,0.8605687795310689,0.8918605687795311,0.7925470268342695,0.8940893286975128,0.8688597664259605,0.8556655077115093,0.8557546581082285,0.8151912276009627,0.6340376214674156,0.8890969064812339,0.885798341802621,0.8788446108585183,0.8380137291610947,0.8878488009271641,0.8425603993937774,0.8720691807078541,0.8496032807345992,0.8768833021306944,0.8231256129089775,0.8601230275474726,0.8712668271373808,0.5745743068556656,0.8540608005705626,0.8586966211999643,0.8846393866452706,0.8726040830881697,0.7853258447000089,0.8711776767406615,0.8471962200231791,0.8839261834715165,0.9119194080413658,0.8504056343050727,0.8861549433894981,0.8853525898190246,0.7597396808415797,0.8887403048943567,0.9216368012837657,0.8673442096817331,0.8391726843184452,0.8563787108852634,0.848176874387091,0.6672015690469822,0.8567353124721404,0.8513862886689846,0.8309708478202728,0.8314165998038692,0.8918605687795311,0.820272800213961,0.8680574128554872,0.5942765445306232,0.7969153962735134,0.8533475973968084,0.8358741196398324,0.468931086743336,0.8274048319515022,0.6429526611393421,0.7998573593652492,0.8527235446197736,0.8124275653026656,0.8422037978069002,0.7972719978603905,0.7929036284211465,0.8570027636622982,0.9102255505036997,0.8995275028973879,0.6442007666934119,0.8360524204332709,0.8565570116787019,0.8249977712400821,0.8355175180529553,0.8505839350985112,0.8853525898190246,0.8562004100918249,0.9338504056343051,0.8644913969867166,0.9007756084514577,0.8638673442096818,0.8984576981367567,0.8944459302843898,0.9008647588481768,0.821966657751627,0.5725238477311224,0.901221360435054,0.888829455291076,0.8798252652224302,0.8973878933761255,0.8786663100650798
ast,0.904609075510386,0.7931710796113043,0.8251760720335205,0.8986359989301952,0.8594098243737185,0.8338236605152893,0.0,0.8706427743603459,0.8903450120353036,0.8927520727467237,0.8396184363020416,0.8793795132388339,0.8003922617455648,0.8647588481768744,0.5589729874297941,0.8225907105286618,0.8835695818846394,0.8710885263439422,0.8930195239368816,0.9132566639921548,0.8067219399126325,0.7919229740572346,0.8306142462333957,0.8704644735669074,0.8722474815012927,0.8241062672728894,0.8301684942497994,0.8986359989301952,0.8903450120353036,0.8700187215833111,0.7214050102522956,0.8758134973700632,0.8429170009806544,0.4717838994383525,0.9069269858250869,0.8670767584915753,0.8364090220201479,0.8300793438530801,0.9040741731300704,0.9049656770972632,0.8661852545243826,0.51092092359811,0.8931086743336009,0.9001515556744227,0.8983685477400374,0.9176250334313988,0.8711776767406615,0.9219934028706428,0.9130783631987163,0.8249086208433628,0.8907907640188999,0.8537041989836855,0.8754568957831862,0.848176874387091,0.8944459302843898,0.8512971382722653,0.8452349112953552,0.8647588481768744,0.8924846215565659,0.8633324418293662,0.8284746367121334,0.8557546581082285,0.8553980565213515,0.8936435767139164,0.8771507533208522,0.8362307212267094,0.8307925470268342,0.6517785504145494,0.8242845680663278,0.8454132120887937,0.8190246946598913,0.8504056343050727,0.8400641882856379,0.5867879112062048,0.8808059195863421,0.6278862440937862,0.6166532941071587,0.8778639564946064,0.887492199340287,0.9066595346349291,0.8678791120620486,0.8373005259873406,0.8285637871088526,0.3784434340732816,0.8370330747971828,0.8573593652491753,0.9232415084247125,0.8792012124453954,0.9033609699563163,0.9085316929660336,0.8710885263439422,0.8833912810912009,0.8821431755371312,0.8806276187929036,0.8761700989569403,0.8277614335383792,0.8099313541945261,0.8889186056877952,0.8864223945796559,0.877774806097887,0.8788446108585183,0.866987608094856
azj,0.9031826691628778,0.897209592582687,0.9105821520905768,0.901221360435054,0.8890969064812339,0.8957831862351787,0.8706427743603459,0.0,0.693322635285727,0.8998841044842649,0.8808059195863421,0.8844610858518319,0.8798252652224302,0.8940893286975128,0.8970312917892485,0.8958723366318979,0.8298118926629223,0.8728715342783275,0.8976553445662833,0.8997949540875457,0.8940893286975128,0.912008558438085,0.8843719354551128,0.9070161362218061,0.9195863421592226,0.8886511544976375,0.879736114825711,0.8840153338682357,0.8833021306944816,0.8620843362752965,0.9182490862084336,0.9001515556744227,0.8894535080681109,0.898546848533476,0.8910582152090577,0.9035392707497548,0.894891682267986,0.8840153338682357,0.8546848533475975,0.8881162521173219,0.8867789961665329,0.8954265846483016,0.8906124632254614,0.8910582152090577,0.8364981724168672,0.5493447445841134,0.9033609699563163,0.8734064366586431,0.5207274672372292,0.872693233484889,0.8885620041009182,0.8882054025140411,0.8721583311045734,0.8942676294909513,0.8783097084782027,0.9204778461264153,0.8783097084782027,0.8527235446197736,0.8598555763573148,0.8899884104484265,0.8955157350450209,0.9061246322546135,0.8483551751805295,0.8426495497904966,0.8785771596683605,0.8836587322813587,0.9105821520905768,0.9017562628153696,0.8743870910225551,0.8492466791477222,0.8940001783007935,0.8780422572880449,0.8882054025140411,0.8846393866452706,0.910314700900419,0.900597307658019,0.9065703842382098,0.8810733707764999,0.6428635107426228,0.8930195239368816,0.8915931175893733,0.9053222786841401,0.8989926005170723,0.8944459302843898,0.9058571810644557,0.901577962021931,0.8837478826780779,0.9106713024872961,0.5751092092359812,0.9047873763038244,0.8838370330747972,0.8902558616385843,0.4419185165373986,0.42551484354105373,0.5266113934207007,0.8862440937862173,0.8929303735401622,0.4292591602032629,0.8792012124453954,0.9129000624052778,0.8923063207631274,0.8923954711598466
bak,0.8911473656057769,0.8674333600784523,0.8662744049211019,0.84585896407239,0.9060354818578942,0.8792012124453954,0.8903450120353036,0.693322635285727,0.0,0.8621734866720157,0.8889186056877952,0.8637781938129625,0.9056788802710172,0.8840153338682357,0.8713559775341,0.8921280199696888,0.7819381296246768,0.9049656770972632,0.8728715342783275,0.8830346795043238,0.885798341802621,0.8960506374253365,0.9061246322546135,0.8745653918159935,0.8986359989301952,0.9298386377819381,0.8597664259605955,0.8427387001872159,0.8854417402157438,0.8792012124453954,0.8591423731835607,0.8914148167959347,0.9333155032539895,0.8758134973700632,0.8763483997503788,0.8561112596951056,0.8451457608986359,0.8929303735401622,0.8945350806811091,0.8692163680128376,0.920388695729696,0.87501114379959,0.9178033342248373,0.8693055184095569,0.8917714183828118,0.5389141481679594,0.8708210751537845,0.9047873763038244,0.6114825710974414,0.8558438085049478,0.8744762414192744,0.8998841044842649,0.8679682624587679,0.8866006953730944,0.8868681465632522,0.8702861727734689,0.8654720513506284,0.8688597664259605,0.8868681465632522,0.9064812338414906,0.8966746902023713,0.8762592493536596,0.8740304894356781,0.8690380672193991,0.8784880092716413,0.8838370330747972,0.8881162521173219,0.8594989747704377,0.9205669965231346,0.8798252652224302,0.8862440937862173,0.8644022465899972,0.8919497191762503,0.8914148167959347,0.8868681465632522,0.8960506374253365,0.900240706071142,0.8834804314879201,0.6541856111259695,0.8988142997236337,0.8923954711598466,0.8982793973433182,0.857270214852456,0.8868681465632522,0.8584291700098066,0.9160203262904519,0.905946331461175,0.8676116608718908,0.42257288044931796,0.9137915663724704,0.897209592582687,0.863956494606401,0.66746902023714,0.6437550147098154,0.6245876794151735,0.8659178033342247,0.8694838192029954,0.5545154675938309,0.8721583311045734,0.8824997771240082,0.8676116608718908,0.8956048854417401
bas,0.8758134973700632,0.8688597664259605,0.9035392707497548,0.8815191227600963,0.8974770437728448,0.905233128287421,0.8927520727467237,0.8998841044842649,0.8621734866720157,0.0,0.8716234287242578,0.8952482838548631,0.8776856557011679,0.8861549433894981,0.8854417402157438,0.8635107426228047,0.8930195239368816,0.8507622358919498,0.8691272176161183,0.8581617188196488,0.880092716412588,0.8873138985468485,0.8654720513506284,0.872693233484889,0.8668984576981367,0.9013996612284925,0.8867789961665329,0.8478202728002139,0.8963180886154943,0.8470179192297406,0.8430061513773737,0.8808950699830614,0.8955157350450209,0.9036284211464741,0.8580725684229294,0.882410626727289,0.9068378354283676,0.8687706160292413,0.8608362307212267,0.9056788802710172,0.8738521886422395,0.91503967192654,0.8899884104484265,0.8818757243469734,0.8878488009271641,0.9113845056610502,0.8862440937862173,0.8798252652224302,0.8964072390122135,0.879736114825711,0.9212801996968887,0.8964072390122135,0.9101364001069805,0.8515645894624231,0.8695729695997148,0.8644022465899972,0.8885620041009182,0.8924846215565659,0.9080859409824373,0.9252919675492557,0.8755460461799054,0.9069269858250869,0.9224391548542391,0.8898992600517072,0.910314700900419,0.9038067219399126,0.9242221627886245,0.8842827850583935,0.8986359989301952,0.8729606846750468,0.904252473923509,0.8690380672193991,0.8677008112686101,0.9081750913791566,0.9033609699563163,0.9013996612284925,0.9310867433360078,0.8625300882588928,0.919408041365784,0.8881162521173219,0.8969421413925291,0.8834804314879201,0.8518320406525809,0.8917714183828118,0.856913613265579,0.8957831862351787,0.8679682624587679,0.8693055184095569,0.8950699830614247,0.8624409378621735,0.9110279040741731,0.9138807167691897,0.9254702683426941,0.9114736560577694,0.8917714183828118,0.8759026477667825,0.9009539092448962,0.9060354818578942,0.8886511544976375,0.9293928857983418,0.896585539805652,0.8828563787108853
bel,0.8765267005438173,0.8230364625122581,0.8534367477935277,0.8884728537041989,0.8821431755371312,0.8204511010073995,0.8396184363020416,0.8808059195863421,0.8889186056877952,0.8716234287242578,0.0,0.8523669430328965,0.8301684942497994,0.5511277525184987,0.8446108585183203,0.4636712133368993,0.9005081572612998,0.8526343942230543,0.8890969064812339,0.900240706071142,0.8084157974502987,0.8236605152892931,0.810555406971561,0.8355175180529553,0.8685923152358028,0.8882054025140411,0.8062761879290362,0.8811625211732192,0.8872247481501292,0.893821877507355,0.836765623607025,0.8198270482303646,0.8289203886957297,0.8141214228403316,0.8858874921993403,0.8923063207631274,0.8277614335383792,0.47731122403494697,0.8626192386556121,0.8661852545243826,0.8795578140322724,0.8172416867255059,0.9133458143888741,0.8836587322813587,0.9064812338414906,0.8939110279040742,0.8751894445930284,0.923063207631274,0.8719800303111349,0.8421146474101809,0.8753677453864669,0.9115628064544887,0.8104662565748417,0.8299010430596416,0.9054114290808594,0.8621734866720157,0.8392618347151645,0.8861549433894981,0.8830346795043238,0.8751002941963091,0.4928233930640991,0.8859766425960595,0.882410626727289,0.8698404207898724,0.8568244628688597,0.823303913702416,0.8308816974235536,0.8127841668895427,0.8412231434429883,0.8844610858518319,0.820272800213961,0.8221449585450655,0.5063742533654274,0.8373005259873406,0.8597664259605955,0.8106445573682803,0.8158152803779977,0.457163234376393,0.8771507533208522,0.8860657929927788,0.8233930640991353,0.4259605955246501,0.4800748863332442,0.8257109744138361,0.4892573771953285,0.8032450744405812,0.9201212445395381,0.8753677453864669,0.8741196398323973,0.878755460461799,0.8892752072746724,0.8865115449763751,0.861906035481858,0.84585896407239,0.8851742890255863,0.42899170901310507,0.8269590799679059,0.8853525898190246,0.9004190068645805,0.9197646429526611,0.9036284211464741,0.8637781938129625
ben,0.8947133814745476,0.8090398502273335,0.8586074708032451,0.8834804314879201,0.8643130961932781,0.4500312026388517,0.8793795132388339,0.8844610858518319,0.8637781938129625,0.8952482838548631,0.8523669430328965,0.0,0.8830346795043238,0.8299901934563608,0.8358741196398324,0.8820540251404119,0.9144156191495051,0.7945974859588124,0.8752785949897478,0.8740304894356781,0.8603904787376304,0.8373896763840599,0.8127841668895427,0.6068467504680395,0.8887403048943567,0.8765267005438173,0.8504056343050727,0.8835695818846394,0.8816974235535349,0.8886511544976375,0.8467504680395828,0.8773290541142907,0.8719800303111349,0.84345190336097,0.8810733707764999,0.8531692966033699,0.5545154675938309,0.8610145315146652,0.8846393866452706,0.8600338771507533,0.8720691807078541,0.8244628688597665,0.8831238299010431,0.8863332441829366,0.8803601676027458,0.8874030489435678,0.8415797450298654,0.8751002941963091,0.8889186056877952,0.7371846304716055,0.8930195239368816,0.9071052866185254,0.8268699295711865,0.8299901934563608,0.8870464473566907,0.8840153338682357,0.6227155210840688,0.8881162521173219,0.8815191227600963,0.8592315235802799,0.8471070696264598,0.8811625211732192,0.8402424890790764,0.88713559775341,0.5361504858696621,0.8396184363020416,0.8626192386556121,0.8363198716234287,0.5103860212177944,0.8119818133190693,0.6152268877596506,0.776945707408398,0.8611928323081037,0.7968262458767941,0.8460372648658286,0.8292769902826067,0.8274939823482214,0.8606579299277882,0.8863332441829366,0.8887403048943567,0.5774271195506819,0.8472853704198984,0.8554872069180707,0.861281982704823,0.8577159668360523,0.8500490327181955,0.8858874921993403,0.8874030489435678,0.8719800303111349,0.877774806097887,0.8981010965498796,0.8685923152358028,0.861281982704823,0.8475528216100561,0.8655612017473477,0.8734064366586431,0.5365962378532584,0.8745653918159935,0.8725149326914505,0.8571810644557368,0.9024694659891237,0.8831238299010431
bre,0.8981010965498796,0.8397075866987608,0.8536150485869662,0.8764375501470981,0.8823214763305697,0.8629758402424891,0.8003922617455648,0.8798252652224302,0.9056788802710172,0.8776856557011679,0.8301684942497994,0.8830346795043238,0.0,0.8135865204600161,0.8034233752340199,0.7912097708834804,0.8826780779174468,0.8743870910225551,0.9212801996968887,0.9263617723098867,0.5117232771685833,0.810912008558438,0.8157261299812784,0.8872247481501292,0.8890969064812339,0.8490683783542836,0.8074351430863866,0.8568244628688597,0.8862440937862173,0.8721583311045734,0.7855932958901667,0.8143888740304893,0.8013729161094767,0.7770348578051172,0.8765267005438173,0.8560221092983863,0.858250869216368,0.8252652224302397,0.8809842203797806,0.8403316394757957,0.8716234287242578,0.7958455915128821,0.9072835874119639,0.8792903628421146,0.8651154497637515,0.894891682267986,0.8939110279040742,0.8993492021039493,0.8967638405990906,0.8684140144423642,0.8707319247570652,0.8911473656057769,0.8557546581082285,0.8346260140857628,0.8936435767139164,0.8844610858518319,0.8649371489703128,0.8728715342783275,0.8668984576981367,0.8877596505304448,0.7880003566015868,0.8934652759204779,0.8863332441829366,0.8626192386556121,0.8687706160292413,0.8163501827583132,0.8091290006240528,0.805206383168405,0.8648479985735937,0.8708210751537845,0.8382811803512525,0.8756351965766247,0.8414014442364268,0.8173308371222252,0.8529018454132121,0.7856824462868859,0.8143888740304893,0.8496924311313185,0.8745653918159935,0.8980119461531604,0.8383703307479718,0.8193812962467683,0.7954889899260051,0.804136578407774,0.7987875546046179,0.8454132120887937,0.8875813497370063,0.9090665953463493,0.8828563787108853,0.9049656770972632,0.8919497191762503,0.8843719354551128,0.8772399037175715,0.8714451279308193,0.9030935187661585,0.8306142462333957,0.8505839350985112,0.892841223143443,0.8907016136221806,0.8896318088615495,0.8869572969599714,0.8838370330747972
bul,0.8882054025140411,0.8068110903093518,0.8570027636622982,0.8718017295176964,0.8866006953730944,0.8457698136756708,0.8647588481768744,0.8940893286975128,0.8840153338682357,0.8861549433894981,0.5511277525184987,0.8299901934563608,0.8135865204600161,0.0,0.8010163145225996,0.48239279664794504,0.8894535080681109,0.850851386288669,0.8978336453597218,0.8996166532941071,0.8155478291878399,0.8470179192297406,0.8210751537844343,0.897209592582687,0.8826780779174468,0.8553980565213515,0.7995899081750913,0.8864223945796559,0.8836587322813587,0.9019345636088081,0.8172416867255059,0.8335562093251315,0.8311491486137114,0.8159935811714362,0.8751002941963091,0.8866006953730944,0.7938842827850584,0.5807256842292948,0.8636890434162432,0.8485334759739681,0.8947133814745476,0.7788178657395025,0.9019345636088081,0.9022911651956851,0.882767228314166,0.8734064366586431,0.8973878933761255,0.90291521797272,0.8726040830881697,0.8340019613087278,0.87501114379959,0.9199429437460996,0.7614335383792458,0.786039047873763,0.9172684318445217,0.8331104573415352,0.8684140144423642,0.8617277346884193,0.9182490862084336,0.8830346795043238,0.28902558616385843,0.8772399037175715,0.8674333600784523,0.8607470803245074,0.8321298029776233,0.8184897922795756,0.8420254970134617,0.8287420879022911,0.8234822144958546,0.8547740037443166,0.7806900240706071,0.8657395025407862,0.5353481322991887,0.8117143621289115,0.8927520727467237,0.8024427208701079,0.7674957653561558,0.6247659802086118,0.8858874921993403,0.8917714183828118,0.8076134438798253,0.4932691450476954,0.35874119639832397,0.8362307212267094,0.42774360345903534,0.8254435232236783,0.8800035660158687,0.8598555763573148,0.878398858874922,0.8815191227600963,0.908620843362753,0.8780422572880449,0.8857091914059017,0.861281982704823,0.8667201569046982,0.5678880271017206,0.8142997236337702,0.8708210751537845,0.9098689489168227,0.9185165373985914,0.8733172862619238,0.9039850227333512
cat,0.8755460461799054,0.805206383168405,0.8175982883123829,0.8734955870553625,0.8539716501738434,0.8309708478202728,0.5589729874297941,0.8970312917892485,0.8713559775341,0.8854417402157438,0.8446108585183203,0.8358741196398324,0.8034233752340199,0.8010163145225996,0.0,0.8093073014174913,0.8900775608451458,0.8024427208701079,0.8993492021039493,0.9055005794775786,0.8042257288044932,0.8044040295979318,0.7827404831951502,0.8699295711865918,0.9038958723366319,0.7843451903360971,0.7770348578051172,0.8742979406258357,0.9209235981100116,0.8715342783275386,0.6532049567620576,0.8592315235802799,0.8704644735669074,0.5579923330658821,0.8993492021039493,0.854863154141036,0.7804225728804494,0.8308816974235536,0.8919497191762503,0.8410448426495498,0.8778639564946064,0.5680663278951591,0.8994383525006686,0.8711776767406615,0.907996790585718,0.8821431755371312,0.8684140144423642,0.9104038512971383,0.9041633235267897,0.7954889899260051,0.8855308906124632,0.8751894445930284,0.8437193545511278,0.812873317286262,0.9168226798609254,0.8874030489435678,0.8303467950432379,0.8368547740037443,0.9058571810644557,0.8534367477935277,0.8287420879022911,0.84951413033788,0.907640188998841,0.8577159668360523,0.8531692966033699,0.8117143621289115,0.8067219399126325,0.5208166176339485,0.8241954176696087,0.8496924311313185,0.8101988053846839,0.8138539716501739,0.8264241775875902,0.6069359008647588,0.8729606846750468,0.6253008825889275,0.5676205759115628,0.8507622358919498,0.917357582241241,0.8842827850583935,0.8121601141125078,0.8299010430596416,0.8172416867255059,0.6237853258447,0.8357849692431131,0.84951413033788,0.8921280199696888,0.9022911651956851,0.8899884104484265,0.9043416243202282,0.8718017295176964,0.8876705001337255,0.8734064366586431,0.8855308906124632,0.8649371489703128,0.8189355442631719,0.7890701613622181,0.9031826691628778,0.901577962021931,0.900597307658019,0.8637781938129625,0.8643130961932781
ces,0.8917714183828118,0.826691628777748,0.8713559775341,0.8909690648123384,0.882767228314166,0.8605687795310689,0.8225907105286618,0.8958723366318979,0.8921280199696888,0.8635107426228047,0.4636712133368993,0.8820540251404119,0.7912097708834804,0.48239279664794504,0.8093073014174913,0.0,0.9026477667825622,0.846483016849425,0.8940893286975128,0.900240706071142,0.8112686101453151,0.8414014442364268,0.8283854863154141,0.8717125791209771,0.8593206739769992,0.8677899616653294,0.8008380137291611,0.8909690648123384,0.8949808326647053,0.8677899616653294,0.8225907105286618,0.8184897922795756,0.8437193545511278,0.821966657751627,0.8714451279308193,0.8866006953730944,0.8306142462333957,0.3531247214050102,0.8679682624587679,0.8455915128822322,0.8721583311045734,0.8044040295979318,0.904609075510386,0.8873138985468485,0.9134349647855933,0.9055897298742979,0.8830346795043238,0.9021128644022466,0.8844610858518319,0.852188642239458,0.8849068378354285,0.9001515556744227,0.8011054649193189,0.8126058660961042,0.9108496032807346,0.8256218240171168,0.8721583311045734,0.8602121779441918,0.889810109654988,0.8621734866720157,0.4524382633502719,0.8771507533208522,0.882767228314166,0.8615494338949808,0.8956940358384594,0.8461264152625478,0.8518320406525809,0.8213426049745921,0.8566461620754212,0.8753677453864669,0.8249086208433628,0.8435410537576893,0.39270749754836404,0.8496032807345992,0.8722474815012927,0.7833645359721851,0.8102879557814032,0.5537131140233574,0.8911473656057769,0.8821431755371312,0.8500490327181955,0.292591602032629,0.3180886154943389,0.8037799768208969,0.39101364001069805,0.7979852010341446,0.9051439778907016,0.8603904787376304,0.8918605687795311,0.8798252652224302,0.882410626727289,0.8949808326647053,0.8789337612552376,0.8652046001604706,0.8852634394223053,0.4965677097263083,0.8634215922260854,0.8773290541142907,0.8925737719532852,0.9010430596416154,0.8998841044842649,0.866006953730944
chv,0.8808059195863421,0.8743870910225551,0.872693233484889,0.9090665953463493,0.9123651600249622,0.8918605687795311,0.8835695818846394,0.8298118926629223,0.7819381296246768,0.8930195239368816,0.9005081572612998,0.9144156191495051,0.8826780779174468,0.8894535080681109,0.8900775608451458,0.9026477667825622,0.0,0.9104038512971383,0.8844610858518319,0.8791120620486761,0.8971204421859676,0.8873138985468485,0.8823214763305697,0.8964963894089328,0.8969421413925291,0.8785771596683605,0.8978336453597218,0.91503967192654,0.8744762414192744,0.9256485691361326,0.8925737719532852,0.8859766425960595,0.9085316929660336,0.8917714183828118,0.8811625211732192,0.8826780779174468,0.8970312917892485,0.8949808326647053,0.8930195239368816,0.8875813497370063,0.926450922706606,0.8946242310778282,0.91503967192654,0.9118302576446465,0.8903450120353036,0.7871088526343942,0.8589640723901221,0.8903450120353036,0.8032450744405812,0.8767050013372559,0.8782205580814835,0.9068378354283676,0.8687706160292413,0.8734955870553625,0.9066595346349291,0.9122760096282428,0.9285013818311492,0.9176250334313988,0.8934652759204779,0.9170901310510832,0.8919497191762503,0.8885620041009182,0.9408041365784078,0.9117411072479272,0.8866006953730944,0.8762592493536596,0.8828563787108853,0.8889186056877952,0.9067486850316483,0.8837478826780779,0.8889186056877952,0.8913256663992155,0.905233128287421,0.892841223143443,0.8955157350450209,0.8964072390122135,0.9008647588481768,0.9016671124186503,0.7987875546046179,0.900597307658019,0.8914148167959347,0.9023803155924044,0.8988142997236337,0.8915931175893733,0.9022020147989659,0.91263261121512,0.8877596505304448,0.8647588481768744,0.7319247570651689,0.8986359989301952,0.8862440937862173,0.9049656770972632,0.797450298653829,0.8247303200499243,0.7985201034144601,0.8931086743336009,0.8937327271106357,0.7952215387358473,0.888829455291076,0.905233128287421,0.864669697780155,0.9101364001069805
ckb,0.8790229116519568,0.8387269323348489,0.8865115449763751,0.9075510386021217,0.8816082731568156,0.7925470268342695,0.8710885263439422,0.8728715342783275,0.9049656770972632,0.8507622358919498,0.8526343942230543,0.7945974859588124,0.8743870910225551,0.850851386288669,0.8024427208701079,0.846483016849425,0.9104038512971383,0.0,0.8849959882321475,0.9088882945529108,0.8619951858785772,0.8796469644289917,0.8621734866720157,0.800124810555407,0.9178033342248373,0.8299901934563608,0.8374788267807791,0.8997058036908264,0.8813408219666578,0.8918605687795311,0.8174199875189444,0.8725149326914505,0.9121868592315235,0.806187037532317,0.8784880092716413,0.8999732548809842,0.7953106891325665,0.83373451011857,0.8580725684229294,0.836765623607025,0.8707319247570652,0.8087723990371757,0.8932869751270394,0.8967638405990906,0.9098689489168227,0.8908799144156192,0.8837478826780779,0.8503164839083533,0.8744762414192744,0.5595078898101097,0.904252473923509,0.9112062048676116,0.8693946688062761,0.8652046001604706,0.9005081572612998,0.8579834180262101,0.8085940982437372,0.8814299723633771,0.8935544263171972,0.8624409378621735,0.8688597664259605,0.8684140144423642,0.8823214763305697,0.8703753231701881,0.839440135508603,0.8574485156458946,0.8638673442096818,0.8171525363287866,0.8143888740304893,0.8420254970134617,0.8032450744405812,0.6055986449139699,0.8365873228135865,0.8442542569314434,0.7816706784345191,0.8308816974235536,0.8021752696799501,0.8706427743603459,0.8806276187929036,0.8988142997236337,0.7737362931265045,0.8477311224034947,0.8366764732103057,0.8530801462066506,0.8547740037443166,0.8608362307212267,0.8576268164393331,0.8858874921993403,0.9073727378086832,0.8484443255772488,0.8974770437728448,0.8978336453597218,0.8793795132388339,0.8849959882321475,0.8714451279308193,0.8658286529375055,0.7782829633591869,0.8872247481501292,0.9058571810644557,0.890166711241865,0.8681465632522064,0.8828563787108853
cmn,0.8634215922260854,0.9218151020772043,0.900240706071142,0.8782205580814835,0.8578051172327716,0.8940893286975128,0.8930195239368816,0.8976553445662833,0.8728715342783275,0.8691272176161183,0.8890969064812339,0.8752785949897478,0.9212801996968887,0.8978336453597218,0.8993492021039493,0.8940893286975128,0.8844610858518319,0.8849959882321475,0.0,0.8578051172327716,0.8964072390122135,0.893821877507355,0.9194971917625033,0.904609075510386,0.9138807167691897,0.8930195239368816,0.9096906481233842,0.8473745208166176,0.8910582152090577,0.8737630382455203,0.9101364001069805,0.8999732548809842,0.8970312917892485,0.8862440937862173,0.8725149326914505,0.8821431755371312,0.8737630382455203,0.8825889275207275,0.8947133814745476,0.8843719354551128,0.9070161362218061,0.8836587322813587,0.8719800303111349,0.8788446108585183,0.889186056877953,0.9000624052777034,0.891503967192654,0.8964963894089328,0.9180707854149951,0.8923954711598466,0.8807167691896229,0.8949808326647053,0.8943567798876704,0.8890969064812339,0.8796469644289917,0.8606579299277882,0.8771507533208522,0.8916822679860925,0.8988142997236337,0.8817865739502541,0.9105821520905768,0.8559329589016671,0.9151288223232594,0.8934652759204779,0.8700187215833111,0.9186948381920299,0.8936435767139164,0.876080948560221,0.8999732548809842,0.8912365160024962,0.8766158509405366,0.8804493179994651,0.9045199251136666,0.8935544263171972,0.8997058036908264,0.8854417402157438,0.8931978247303201,0.8742979406258357,0.8898992600517072,0.9218151020772043,0.8849068378354285,0.8973878933761255,0.8945350806811091,0.8645805473834359,0.8904341624320228,0.8854417402157438,0.8990817509137915,0.8672550592850138,0.8931978247303201,0.8729606846750468,0.9067486850316483,0.8723366318980119,0.8921280199696888,0.8815191227600963,0.9041633235267897,0.8824997771240082,0.8715342783275386,0.8976553445662833,0.8981902469465989,0.8971204421859676,0.7946866363555318,0.8966746902023713
cnh,0.8767050013372559,0.8954265846483016,0.8701970223767496,0.8982793973433182,0.8764375501470981,0.8688597664259605,0.9132566639921548,0.8997949540875457,0.8830346795043238,0.8581617188196488,0.900240706071142,0.8740304894356781,0.9263617723098867,0.8996166532941071,0.9055005794775786,0.900240706071142,0.8791120620486761,0.9088882945529108,0.8578051172327716,0.0,0.9301952393688152,0.9242221627886245,0.8953374342515825,0.8512971382722653,0.906302933048052,0.889186056877953,0.9171792814478024,0.8789337612552376,0.8676116608718908,0.8801818668093073,0.8909690648123384,0.911651956851208,0.8969421413925291,0.9035392707497548,0.8808059195863421,0.8824997771240082,0.8839261834715165,0.8947133814745476,0.8846393866452706,0.8789337612552376,0.8812516715699384,0.9175358830346795,0.8360524204332709,0.8936435767139164,0.8935544263171972,0.8993492021039493,0.8693946688062761,0.8835695818846394,0.9028260675760007,0.8929303735401622,0.9078184897922795,0.872693233484889,0.8821431755371312,0.8882054025140411,0.9078184897922795,0.8845502362485513,0.885798341802621,0.9022911651956851,0.8690380672193991,0.8921280199696888,0.8914148167959347,0.9013105108317732,0.8798252652224302,0.8790229116519568,0.8831238299010431,0.8801818668093073,0.8922171703664081,0.866006953730944,0.8860657929927788,0.8899884104484265,0.8878488009271641,0.8848176874387091,0.8853525898190246,0.878755460461799,0.8895426584648302,0.9119194080413658,0.911651956851208,0.8727823838816083,0.9105821520905768,0.8775073549077294,0.8801818668093073,0.8820540251404119,0.9174467326379602,0.9077293393955602,0.9030935187661585,0.9008647588481768,0.9019345636088081,0.8913256663992155,0.8821431755371312,0.8814299723633771,0.8609253811179459,0.9119194080413658,0.9185165373985914,0.9090665953463493,0.9077293393955602,0.892841223143443,0.8860657929927788,0.9064812338414906,0.8391726843184452,0.8978336453597218,0.8770616029241329,0.9001515556744227
